2976
9099
6689
5877
8273
8628
1654
3994
830
2084
8753
3968
8463
1698
819
8214
5762
1328
9506
5867
1965
9917
5148
477
5092
3339
5919
4132
8046
3698
480
4650
4678
9362
5684
560
809
2845
3358
8873
4662
5379
1533
1749
9215
4805
9115
7364
2577
7582
9647
3429
5944
9758
2100
9577
8785
9863
81
7538
7008
3913
629
6765
5745
4384
8750
9025
7030
2312
322
6001
3490
5385
4630
5332
7437
2984
72
3819
9590
959
2804
288
6428
5474
7184
8535
1602
8047
386
6712
7662
7801
415
1387
9168
2570
671
3275
193
5182
351
6013
3366
193
2802
995
3854
2166
8739
3719
9551
6131
6780
6791
6774
5342
7514
5841
4924
9326
1540
6929
5094
9457
6386
2249
9296
2740
5912
463
318
7192
8579
5149
1204
4487
6174
4037
6334
2012
5592
7181
4330
6929
2620
2377
8121
655
6966
5584
2057
738
4639
9096
609
7783
4167
1316
3373
3600
2026
9147
5647
1839
1538
5309
8159
2654
293
2511
8230
5851
2396
9401
1264
2168
3177
9901
6533
2739
7813
1540
5567
1838
5572
9967
6030
1130
2409
6077
6650
5704
7820
6634
7556
8091
3284
81
6026
8542
7508
2621
9749
8335
6106
5255
9239
7322
2280
308
8506
3233
7868
5611
7647
2972
6427
5614
2930
7030
4276
8120
1355
9105
6163
6231
1823
2902
3275
4400
3051
5260
5696
813
3628
5140
9322
5932
2842
4033
3125
3069
3061
6702
3148
8203
6545
6512
1053
2757
5303
5268
1003
8530
5281
3014
9700
9467
7205
3277
279
1929
3154
3826
1323
4729
5784
4130
1408
2637
6703
976
3452
1843
7946
9911
3656
9558
9297
4386
9315
2971
8749
3532
7311
4142
7020
5964
7899
3024
140
4266
8467
7827
4735
8974
4901
481
4732
2581
5786
8935
1817
3361
9782
4180
9164
154
2235
3045
2655
418
7340
8366
1099
6248
633
2001
3006
4675
2737
3658
1151
1272
9179
8349
4270
5815
4572
5322
9751
8799
9108
545
2362
5877
1854
9536
2519
7288
645
6530
6454
7111
2517
558
2866
9790
9806
5039
3491
5045
9191
5358
4069
7303
2972
3020
2131
8300
6741
9181
2342
8385
7
3768
4236
8438
1616
5810
4878
7245
7754
8435
8470
7134
1680
5460
5242
7220
1505
149
1029
1093
1258
9081
7862
7145
1264
8767
247
7454
257
6117
4109
8512
1814
1551
4065
9422
7937
9859
1590
3003
5624
9648
2973
7557
2368
6711
5215
7843
7380
7689
3203
7781
5868
4311
5991
7412
5146
3945
4363
2574
5886
5091
9107
1313
1428
5940
8212
963
2254
8367
6244
5423
1292
7494
2051
4240
8069
2618
4533
3441
2382
7870
6121
171
5609
7616
1188
9280
6075
4079
1808
6217
2759
3905
676
9292
3058
2221
3334
5164
7750
5782
1506
2681
5990
672
5923
4910
1598
4279
6541
3022
2762
9090
7140
7327
1494
393
788
790
4515
691
9983
4405
885
9262
3097
5190
4488
1664
1474
8412
1970
8281
7971
2042
7768
3715
7888
83
4461
8905
8252
6330
1128
2150
9254
1988
6390
7115
3759
1050
637
4421
9189
5527
234
6969
4786
1563
3195
7975
1399
5098
2993
5363
1868
6224
4290
6543
3388
3486
6038
418
5800
5611
1031
2746
7282
931
6089
4746
3591
1877
4481
4883
3960
447
2674
9107
226
1835
6158
9277
6511
383
2993
6449
4912
1806
5070
4274
7935
2895
8159
3189
8123
3884
8565
3271
419
9775
5976
3702
1668
6432
5641
8610
7154
1978
2495
2479
4012
3790
7909
2765
6073
52
4951
653
5372
3606
4111
6988
2012
715
1268
7160
9799
7714
8123
5620
4586
1982
5558
3283
4334
9201
5211
8909
9596
8270
4537
1044
9325
583
7554
3148
6905
8649
528
4842
6700
4112
9709
598
8451
6311
3579
9714
2783
8349
9364
8410
7420
5563
9329
5999
2999
2091
8362
800
3531
1023
6642
5855
6994
8004
1365
6705
7546
6467
3006
3387
6733
4037
1651
2511
3343
8379
3065
9427
49
4477
2681
5050
4427
9982
4871
1127
510
616
9818
8435
9636
3671
9845
1347
6251
1233
7210
281
9127
1115
3894
9641
8364
2242
2785
222
3941
4587
1055
740
6414
66
6272
2555
3943
3884
7467
7560
7009
2165
5894
2952
6991
9962
8491
6120
9840
8264
5812
7989
6784
6789
9408
8353
7408
2383
182
7286
4016
3968
6739
7660
7788
5392
1180
2394
4293
9100
8801
9626
7721
983
2911
7505
8868
9503
3520
9386
7487
3590
10
326
2844
9963
1560
6832
4616
8145
1223
5450
4510
3929
5815
7262
9656
4047
3263
6226
8398
3537
6992
7316
3627
967
3905
247
8572
5528
2854
8799
4854
4087
8661
8633
3094
2402
5597
5888
4166
7161
6612
3373
1276
6724
9072
9833
4683
3319
5109
5394
9870
5735
7939
9472
8514
7187
4658
7866
4719
3211
6485
7339
2874
7489
7573
8988
2740
6802
8987
177
4401
5733
6175
8930
7115
6154
1826
7072
9934
2935
5535
5405
4166
3108
7637
3764
2076
6416
7018
3921
5871
6574
9861
5478
346
6629
2276
7430
6665
8772
2388
3651
4949
1628
1853
6477
4255
2661
3961
7324
1561
592
6211
7900
4507
381
2215
740
1183
3993
893
2032
6546
9566
103
8836
2314
2323
5173
9996
1272
8433
9397
3619
5313
2197
3778
1090
3639
7712
4838
1227
9686
8123
8367
4856
2820
3821
9795
8284
1293
286
8704
7193
5210
6115
9710
3182
3261
2325
5469
3861
4660
4957
8784
6504
2263
1225
6610
4240
3103
7169
3845
3295
7626
165
5249
6236
2698
9370
6414
6914
6025
3493
9445
2008
2057
5529
7295
8416
574
29
6085
959
7443
2039
6880
1003
1065
9170
4343
6438
6440
1593
3081
8409
1734
4593
5663
1158
5546
6191
9381
5974
1282
4252
6763
3623
5098
5610
8861
3359
952
1361
9965
9121
1008
8012
7771
9880
77
2130
7954
9704
3382
2485
5180
4410
2339
4229
6688
8929
5629
9891
1933
8183
8319
9751
916
3464
617
1180
5478
390
7380
1739
1087
7237
6118
3358
8971
5705
1433
5645
5906
4554
9395
7968
3349
2068
9248
126
8746
7830
5997
7068
6015
5358
7836
2124
1402
9932
7740
3630
4059
8045
3154
7050
4997
4928
8283
131
701
9554
6995
3269
3134
2956
6329
9872
5848
1332
877
2475
2290
8799
3023
7098
9928
9870
3494
3172
8684
2745
708
3631
5924
8172
6285
4662
1728
2221
6345
3445
5540
5951
1018
5700
8932
7697
4830
8852
2784
2674
7436
9177
7365
2171
5902
1450
8370
4120
5118
4048
1575
7926
9750
9042
5973
693
8549
419
5040
7327
8461
1791
4448
8473
5427
9274
560
935
4852
4388
76
3039
2740
9177
679
2148
8610
7439
7118
3643
1667
7200
6806
5818
8861
1929
8490
8931
7322
1144
7782
5430
8397
699
6294
2085
5264
3569
4128
9805
8276
7687
4478
1674
5151
5134
9857
1241
312
1673
2223
2756
4033
1091
7004
9527
7160
6257
298
3546
8097
842
4826
8744
7010
9523
1764
5323
6001
6138
3433
4569
4528
8978
3890
1295
2008
7604
1464
6517
8388
4292
2784
6053
2698
5029
9204
8488
8948
4372
5805
1839
9236
3362
5872
7501
1977
6795
6343
7475
7788
3112
9797
5501
2352
3237
8381
8247
3614
7026
4988
1825
6236
8361
3121
342
1812
4655
2947
1756
1320
9952
4777
3197
3003
2164
6627
8022
7987
8638
4450
7332
3402
5777
1834
962
8795
5275
8270
4138
1881
49
6407
652
5074
3054
1704
8365
7621
4990
8250
7155
7338
879
7330
9043
3849
3701
9964
52
290
2630
8979
2434
4328
5013
904
3996
7330
9547
2954
9909
2172
2519
3289
7081
4361
3552
3024
7651
10
2163
3823
4795
717
8395
5513
5798
9867
4302
4010
4382
6329
8607
5728
3283
4577
2263
4083
6939
7971
1573
6779
2244
5720
2927
2985
2683
5973
1901
9004
6558
8006
6175
5105
5877
7149
9681
6990
6477
5090
6849
7131
8512
9114
7141
3280
3286
5264
1465
8319
3918
4297
3788
8179
2843
9069
9838
1598
7274
5332
7564
4450
2933
319
7589
6174
4236
4735
2718
7460
3134
7572
2310
8067
9100
714
4970
2741
6695
3822
9922
2644
4452
9468
6379
618
3107
645
2861
3696
9851
3921
3865
7339
8833
8942
418
6137
4388
5571
9841
3286
697
106
3843
1965
3641
5437
5926
1867
4318
7399
4411
3840
3105
9462
3697
7030
3101
4828
8179
6490
3873
2898
4833
8864
7428
8907
5664
9269
3582
709
9754
3647
1489
4010
1688
7324
7092
3522
8396
6735
5248
5115
7075
8119
9649
2900
4814
7059
3047
4259
7681
3200
4372
5465
9626
3701
1575
8322
7993
4443
8988
3939
5885
7406
39
9588
2778
6979
289
6971
5446
5317
6700
9478
9966
4502
1992
1374
3738
2803
4037
4123
7871
4899
4722
8924
4925
9112
3808
2821
3324
5506
6731
3076
9814
2327
2420
8952
119
6221
497
9765
9586
5556
4020
7703
9684
8977
1730
4555
3324
2375
2844
9995
7347
9037
2729
142
221
2482
7185
3476
5886
2752
4460
2609
6925
6459
342
2139
3449
8154
5047
9492
893
8885
4169
42
733
307
1703
8346
4514
8729
2836
6745
7762
90
6754
3783
3772
3785
9968
9482
2530
6929
1957
6407
673
8671
1135
8483
4151
1677
2554
6077
9159
4465
6940
5823
7572
2919
9839
1681
130
1580
4245
9782
9991
3622
7890
4791
3673
4712
3895
2231
5805
6171
5726
6157
4374
2229
6180
4565
4650
4270
8261
4712
3826
9583
8927
9585
815
6592
8653
9926
7199
4290
1746
163
1156
7609
4526
9861
6985
4037
1716
6323
7504
6669
3478
4246
7953
137
1754
3244
9066
5537
9076
1080
1423
4193
2401
2098
6867
7929
2294
1249
7082
6835
8023
994
4013
1895
1810
7954
8101
5822
798
9121
7382
2670
6546
2933
8209
3395
128
5720
8439
2294
8604
6727
1569
4544
2436
6284
6273
6424
5836
5604
8853
7441
7447
4852
2700
1291
3406
9533
3724
7212
3795
5223
6887
3289
1768
225
7121
4034
4784
9647
4399
8038
9404
4957
5313
538
8974
2566
7985
6577
629
9696
1943
1528
5534
4409
9424
704
5221
9174
6234
4571
1505
8783
581
9044
7239
8072
5090
378
4291
8947
7768
9067
1834
8061
816
8027
1235
5952
1903
4261
2725
1481
771
4587
8162
8344
7360
4712
5718
7403
3835
8004
1172
7890
605
4441
1022
2941
3805
6086
5055
853
1433
182
8014
6353
8626
8794
4265
7212
685
3730
2575
6439
2072
3885
970
8720
4239
9064
1331
4055
5342
1753
757
4076
3140
8735
6451
4045
2941
1923
6095
9194
2090
8239
8854
1230
8746
1809
2752
9192
3381
3538
7700
2180
6395
1250
179
3610
8331
9839
8940
6366
3932
6391
1965
5782
7517
4901
5278
5930
1342
7801
6912
3560
3339
5334
118
2022
6499
169
9999
858
2968
2975
7822
4711
6435
3876
1283
4427
6517
909
996
9923
92
7385
4763
3288
9565
644
5066
5929
4697
2857
285
9817
1026
4930
7316
3243
4641
4423
8814
259
1598
4070
5932
1306
6523
9683
9218
431
9002
1005
4907
3141
4568
9250
9731
4712
6476
3
9655
5151
5386
372
9461
9211
6335
6814
4552
3156
4927
2678
5885
1893
8007
305
3536
4608
8124
6928
94
3111
1655
1048
8314
7530
9725
4930
5118
3660
1235
3332
4968
5289
3454
9920
5656
1519
1126
4797
6558
2616
7564
3075
4783
3140
483
6862
9741
9561
1523
5955
1081
8514
3476
9953
6147
3680
4912
6283
6563
677
5282
6595
4228
9465
2890
9082
842
2901
4844
750
3952
9403
3826
3528
541
596
3684
8936
2341
7958
1807
3026
957
1956
4453
5666
2927
8825
2814
6222
8266
7548
5701
8845
3555
813
5059
6626
5017
8761
7024
7744
9265
1099
8428
1743
7520
7048
1858
4222
8318
3530
2509
8395
8338
6499
7539
1468
1729
8782
3494
9377
344
9059
1682
6830
3851
6847
355
8321
7441
4205
596
6904
867
1528
6577
5366
7804
6548
3292
1154
9363
9303
7255
530
2905
7953
1955
3091
378
573
6733
6675
343
5717
1367
8598
4591
746
3858
8973
6271
4665
4819
8147
6310
4111
5038
3240
4023
9183
6483
2965
8552
7198
6552
6748
417
5944
9979
8813
3751
3
543
420
6395
3199
8334
9079
2630
9396
8279
2498
6804
3881
785
8275
6595
7869
8447
303
1592
8920
3948
5594
5455
5748
5885
9642
7219
2331
1421
7490
9814
4819
2110
9716
6053
4689
4400
3807
9572
1291
3890
5188
4012
9450
6115
6818
9417
1979
8271
1170
7550
8145
6148
2016
6875
5364
3717
4339
2008
1350
5315
9644
5185
249
7192
3974
4908
8349
483
8975
1835
4274
7592
8537
834
8237
3360
7970
3770
6406
7558
6471
6572
7083
1597
9461
3048
5183
473
7933
4481
5540
3725
8802
2653
4745
2730
4137
8074
5759
139
8974
8060
7010
2202
6703
6603
9589
7376
8117
9367
682
5598
7611
4407
2353
4747
9791
484
3842
8485
5818
3084
618
543
4836
1334
2748
4728
4835
5623
5224
2860
642
4957
7518
5440
3581
9507
4761
6383
801
4517
9232
5053
678
5805
5300
745
561
3671
7582
2924
2841
9961
9236
2378
493
2347
8985
1142
2198
9504
1155
191
6002
2362
1882
6897
3121
5739
1446
657
4700
4857
3207
2530
4238
8419
5743
5844
3483
6919
2365
9427
9214
9912
9008
4381
2576
9249
1224
9783
71
1831
7510
5796
3153
9519
4852
4702
8179
8535
6564
626
3578
9317
11
6004
5894
6060
2721
737
4401
5613
3156
1315
2322
858
9769
5797
5469
7081
6811
2192
3641
3681
7997
5118
5442
5503
7185
2288
8105
1100
4331
9185
4407
3988
3399
1490
8237
8992
365
4572
7954
2688
3024
3213
4542
9732
1162
6802
4556
6448
6968
5764
6865
6724
1373
9353
6967
6581
3896
8536
8654
2701
9890
6554
5636
7268
7366
1370
4547
5364
2721
2950
3359
6831
516
1597
2895
3032
7983
7819
2670
3838
7241
1939
1170
6372
1784
3970
8940
6806
3321
8289
2192
2352
6727
4840
4414
2512
6077
9505
3316
524
158
1942
5656
8413
1843
6992
774
3183
8628
8683
1575
3500
5984
3628
3354
6008
1623
5174
536
9902
4097
2073
8360
6728
5523
5552
8859
4023
2997
6138
6256
4761
2199
1535
553
8752
717
2408
1685
1483
5909
1080
9780
4086
8936
3109
5360
8454
5691
7851
7883
5910
1778
1332
614
7497
4130
5246
5135
4868
3012
7981
1575
8614
2927
1079
7683
7195
1065
4123
9679
338
7914
4135
3236
7131
9855
5182
835
7507
1261
2472
1699
906
6791
5832
4291
8058
8438
1492
4613
8312
8303
6756
7664
1747
1220
3294
1594
2959
9489
126
4001
5051
3176
1479
3896
5958
9287
4142
2928
7944
2049
6503
2183
5461
6233
7592
7541
4402
6218
5135
434
3454
3645
5403
1309
4022
9237
9961
3581
8954
5920
5260
2060
1044
7817
7118
9935
1978
4001
802
6071
6865
8780
8647
4360
625
5271
6250
7581
4249
4947
6661
8057
578
1586
2567
324
8922
1534
3366
2957
3987
2948
6876
4007
7487
4379
4961
3800
4146
5252
7924
7672
2398
1088
313
6492
7686
930
994
9438
5257
5801
7790
4260
9644
3017
9676
4304
3471
4346
2700
516
2530
2533
4180
472
7414
3312
2871
2645
2735
7220
4168
1588
3866
9875
8062
6183
1610
5441
4154
2890
8909
8495
617
4096
6982
1681
3934
236
2578
2316
6713
8372
9274
6256
6832
8935
2160
7673
981
6381
7142
6409
1484
4624
3463
6897
588
3193
9960
7096
3544
3422
7399
6256
1642
927
5401
7205
8972
8163
1848
4367
4656
9935
6422
1067
5927
1446
460
3039
8168
5290
831
319
8314
2351
1204
2946
6506
5419
3824
3266
8457
4259
5537
9764
3794
528
869
349
9065
6284
3596
6470
8589
190
9629
5193
3256
5576
6633
9195
5768
9355
9554
6523
4655
5724
9459
2639
7519
8248
1630
933
8251
7800
2097
1669
1767
7689
6855
4474
3036
5298
4646
7353
3688
6367
1258
4802
2502
8070
5333
2248
7753
4435
8746
4128
240
3082
8097
7734
8718
4121
6876
7129
578
9531
2399
8013
4437
1805
7368
4567
6948
6727
7587
3172
2969
4591
9361
7305
2183
3814
3481
3947
6276
3326
4114
6341
6950
1283
7557
3913
9836
4052
9733
9437
616
7504
7016
1597
8556
2522
5190
4171
9984
2418
7916
9515
7168
9919
7087
7645
4420
4364
378
6991
1392
3573
7299
8801
5842
9069
8430
2252
8462
4282
7442
9223
6302
2580
4138
5936
4568
2797
5110
8362
255
6231
1994
8101
5668
7935
2114
4046
219
2731
5023
2711
8468
8227
8441
4060
1943
9537
7970
8005
2237
8789
1716
8700
5016
5463
5497
2041
5864
5745
3053
3969
2612
1026
8395
4823
5725
8311
2908
8099
5244
8921
9170
4473
484
9614
8446
9473
6251
7712
1867
9249
9148
4017
105
5956
8682
9723
3400
6152
6797
9739
647
147
6365
9786
5541
238
6949
8881
4823
7971
5128
9616
5140
3931
3223
2292
2772
1592
8989
4006
2806
4586
3202
2938
8535
6229
2225
2579
8697
8928
6351
1405
9785
1947
4134
6558
8430
8470
2803
8125
5061
2822
3010
8799
377
1423
2294
7173
3372
4999
161
3461
8661
8925
2878
5657
8453
4333
2393
6128
8875
9124
9632
4854
2919
2146
2667
1530
219
7340
1690
8370
2159
9440
8133
6195
8329
5194
7754
8765
8733
8285
7637
6621
4199
6173
7091
4294
5635
8449
4090
1280
2094
5076
3241
3290
8351
3626
1878
6906
2703
2928
3038
5133
6700
2421
4811
4519
8370
3067
6345
3685
293
452
2693
4141
7687
513
1007
3131
3465
9499
3780
6216
22
4559
8529
7752
6259
6676
5121
5627
3749
5550
5913
4893
6414
9013
4422
3479
6705
3582
1628
8791
7814
6895
805
1691
5764
5054
1057
5840
4587
7091
786
8671
6386
9263
3298
9512
3316
1901
7905
5680
6346
4994
3487
4733
8452
7835
2830
5800
9648
5849
4215
1141
8490
8872
8160
8624
3605
5712
5610
5071
1815
9246
1513
2750
4215
9812
1219
6043
2589
3382
4364
3285
7901
3864
7248
3462
4000
4477
2165
2154
8277
9157
9961
6281
5333
7664
3855
6812
7717
7879
745
6111
3803
3732
1947
3603
3085
5049
1335
3391
4371
4375
7906
5533
3634
8282
4790
7460
18
7665
9717
6080
1201
656
1928
1999
7961
5383
3536
1871
3233
5323
6445
2634
6925
6572
9590
4652
6448
2766
9302
2167
5584
5836
5272
1627
1490
519
2824
9939
3891
1973
4859
4988
7427
5642
8667
409
3773
8230
8397
5628
8330
550
4803
1651
9530
4036
2057
1871
8772
7150
6619
1571
924
4313
7573
638
2935
1911
1661
4917
5886
5557
941
6090
7707
2833
4814
1508
4310
8818
2250
7343
719
6330
7462
784
4528
7773
8288
6590
3219
9412
5562
7781
6700
2056
5449
7551
8893
9147
6310
9987
9294
3355
4783
2483
2927
662
8771
62
9886
7994
1857
2953
9436
5856
5387
2480
9662
553
5203
6549
2060
8993
5261
1381
5145
7111
7087
7609
7471
5650
4862
6204
5065
6244
8233
8952
9031
5866
2265
7763
914
583
7654
7087
2720
9270
5204
6274
4292
260
1976
5185
2848
3928
9911
5245
2047
1019
1124
5233
6991
9418
3197
5543
4074
8964
5999
9516
1127
2577
8847
5389
6305
1584
3020
1335
6260
5509
7095
1849
8630
6131
2495
9757
8833
6507
2192
6874
256
2054
3893
133
3508
8808
4648
9657
1140
3198
4460
5381
3374
4549
9456
4441
2648
6795
8348
6014
6610
5073
6172
2492
8585
5866
5210
1702
4451
8102
9046
7788
1859
2844
3066
7348
1998
5539
7147
6193
1190
5304
5400
2934
3306
3307
6535
8175
7268
8696
5876
1263
7018
2695
4968
8833
140
4979
2072
7117
393
6750
4100
1194
1493
8473
2074
2296
2418
451
2915
6069
6364
2245
8067
9480
1317
6627
9666
8746
8457
1191
9554
4136
8033
8999
842
9551
9985
2749
9590
7657
3658
314
5415
5411
3869
1472
6692
2228
9099
3697
4078
868
6693
2902
8720
9866
7107
8642
3881
2153
130
3802
4083
1337
2536
5822
878
5370
1347
4124
143
6635
7127
4969
3594
5620
6043
148
2105
8086
3934
8162
3223
9515
3337
3543
2105
9707
9480
6906
8543
6516
1005
6146
3636
432
5687
8182
6659
6107
7967
51
262
1000
6149
5146
501
7823
9207
6466
7564
6537
7917
9087
2603
8560
6269
6455
7896
4210
5716
1904
3057
5031
6387
7941
7509
2325
9799
3435
324
8119
3167
2016
8304
6333
9565
3860
5536
4132
1341
5038
7152
6153
5810
2442
6253
7173
3748
3711
1621
5629
4013
3887
3468
4698
4070
1264
3272
4972
7728
7283
6363
5350
5575
9036
9415
6675
3846
3966
7097
6139
5621
3928
993
5800
7160
2053
3320
6862
3078
2880
8581
161
9461
5443
6051
6797
5358
1796
1770
9423
5269
9239
5966
865
7296
6325
9067
6385
1411
13
1798
6716
3274
7324
5955
8786
1829
9507
2814
381
3296
5447
5108
1844
1580
5312
8980
9121
4788
6526
3416
8202
2338
2865
3518
7395
165
8530
386
1861
2884
830
9446
2035
2883
5767
5155
4054
4571
6823
8434
4165
5292
6612
3007
7031
7854
1727
6151
7916
1098
349
1594
7271
2160
6375
2978
3080
5419
7668
2458
1301
4209
3522
1007
3996
3430
7130
226
7062
5537
2654
2798
9853
2752
9324
9055
2007
6441
8663
9917
5285
3371
1531
9314
1733
4877
6844
8737
4383
9477
5126
4732
634
7408
6169
5709
5921
1810
659
665
758
6700
5737
3881
5932
9406
5934
199
8618
6454
3326
3759
9307
2891
391
8672
1917
1110
8090
3848
4198
4952
8549
1132
802
6166
5894
725
261
3949
3669
4385
5874
6117
1614
3964
5147
7891
7455
2042
270
359
6934
313
1447
6652
6872
1899
5708
6581
3070
838
7521
7701
1526
3413
5994
7146
7262
9976
8120
4146
7838
2218
592
7812
2299
7024
9255
513
7373
1849
4076
6924
7044
9568
2269
9456
5864
7208
9776
2245
7880
5564
4648
369
4020
2686
9579
8573
5770
8648
48
2479
3892
298
8168
8615
1423
8125
702
6737
6192
3335
993
5446
5165
8847
5382
3815
4113
2826
895
8765
2193
3902
9200
1303
6397
460
2763
6469
4644
5425
4066
7822
7367
2391
6440
5346
1924
6698
5446
2049
1129
2399
7314
276
2839
158
3551
5533
3171
9172
3518
5454
208
5996
6491
4350
7065
7352
7648
9703
3940
9449
9725
7428
3762
6877
2935
6703
8007
2723
6028
6992
9485
9674
4591
1418
4197
9910
7438
5377
690
3516
2077
2986
9055
2444
3143
3008
7614
9649
83
5503
8842
592
1604
3977
9322
5371
3586
7487
179
7394
226
6516
7289
38
6602
5886
1331
2329
494
1837
6437
1958
9106
8635
5357
1346
4850
6840
8826
9060
4903
2334
2314
8777
2107
1960
4211
4196
6453
2670
1437
1493
6560
1752
9022
6452
4720
4475
2759
4910
7605
732
2198
9865
1826
1334
3209
6714
165
7871
5440
2554
1671
6115
8127
9726
6907
5588
1886
6814
8660
4809
3475
1739
3482
5740
8417
9655
3702
9940
6902
7507
3069
3229
7660
1341
6446
3001
7033
3738
7366
1323
3243
2513
4731
2786
5000
6160
1486
9387
9714
3285
2253
1562
7548
8012
192
526
8372
9912
8496
7595
3370
7085
567
1646
3130
9846
8088
6260
8155
3085
9794
6826
1633
6568
7065
3071
2909
5893
8645
6495
9988
6802
79
8394
9927
1957
1053
7104
46
1869
6280
4347
8894
6412
5385
4997
8821
9387
6723
9545
2115
7632
1248
965
9138
3480
5298
9514
4873
4756
8682
7400
3377
5907
9535
7075
5030
1260
3693
2049
4383
1802
5826
4465
2950
826
6124
5045
7483
1043
4003
6233
2357
5910
6021
4392
2761
6253
1148
6307
1964
1235
1860
4107
3240
1293
2211
3283
2008
5767
8184
1902
3501
576
1990
6266
6227
313
3880
5765
5782
9207
3578
770
451
4248
3632
5728
4467
7062
9955
8688
8832
7823
9309
8794
2009
2553
5869
1401
2887
74
837
8390
5428
7444
1670
531
202
2774
8321
7421
1762
5318
8781
5025
8820
4237
3188
1219
4417
50
916
345
3815
9060
6052
8608
1659
7948
630
8123
4282
2391
7520
9130
4856
6760
7548
3791
2212
3031
9323
9434
3625
252
4225
8007
901
4219
2969
2419
3581
923
2502
3823
7477
7361
1767
5541
5990
2273
3477
7238
9700
7645
1944
6191
6410
8013
9943
1644
1867
163
2835
8454
3288
93
7815
8695
302
260
9986
5351
3577
4102
6906
7783
6567
5831
1913
8523
8215
532
143
1538
9984
7407
8785
8715
9213
12
1007
1145
4209
3232
5018
9075
9281
9726
2691
7102
7333
6434
837
2634
1188
8511
7979
8351
8873
9088
4576
6211
9688
4401
3631
7576
7022
3811
9692
3888
4452
4396
4514
3236
5453
6962
6897
9412
6439
6795
1480
5613
4670
4482
5628
3212
2191
2705
1063
4238
7675
2477
6431
5340
2102
7500
7855
1275
9932
2586
8947
5518
5945
6140
261
5762
2620
6201
1253
9094
9893
5147
7810
112
4646
4987
7586
1836
6171
3029
1271
7194
3260
5353
6913
3656
2785
5375
1758
5177
749
9957
8507
6097
2728
8699
3773
6106
8713
2821
191
7283
8224
3884
6867
9015
840
1692
1506
7573
9563
8229
7104
8519
6292
6744
823
4108
3100
3003
6835
1658
1909
8181
1188
7337
74
5795
530
1229
3572
7473
4195
8732
9956
3565
3014
2686
2354
8166
1252
9149
360
2503
4162
6062
8876
4913
6928
1809
7854
2630
3986
9551
3421
2858
5868
5214
9874
4772
6340
8245
3690
6153
9336
2001
222
6103
1529
1647
362
3509
4995
8813
9981
3583
7077
2103
944
6462
1434
6688
8807
6975
3163
3806
2766
7223
7486
779
7395
1921
3438
6289
8151
5746
5610
5259
4378
1539
6636
6106
6889
3296
7784
5074
6562
4816
9260
9236
9920
6541
9505
1706
3683
5955
1167
4824
4263
8502
8131
1224
6823
7533
8626
161
6397
7279
3240
6648
8985
6046
4591
2551
8280
1932
1169
260
4635
4462
8836
378
3212
133
121
8960
1208
8627
7896
2417
3091
6683
8737
6570
9877
6973
8726
7956
3556
5700
9541
7233
1277
2776
2158
3644
4100
6709
2125
3742
6461
7301
7897
9930
8044
647
3603
5230
8778
8041
1687
3285
4926
1717
7720
203
3002
1646
429
2154
9636
633
6541
1691
9930
2759
9743
4002
9215
6769
1675
9431
1330
2879
3060
2147
3555
9414
6664
8112
5572
7985
2834
2854
8428
1043
4960
961
9186
4939
4660
6114
2337
3218
6347
1893
8131
9156
4959
129
8903
5333
1712
7436
9336
1236
2030
5482
7154
1900
9917
2354
6486
7160
2373
4448
9468
1642
8460
3007
648
2523
4679
1370
2443
3300
6293
7206
6198
9374
5233
8346
5338
2563
5702
1094
4833
696
9518
1247
1621
1703
5473
2667
6218
7506
3810
8146
5611
80
1572
6091
238
418
2273
4187
2312
8647
6257
395
4997
5146
4815
8101
4241
6060
1547
9524
1618
6631
9246
6481
3705
3501
6352
7932
9183
8582
338
9567
2574
5024
6141
9758
3689
5427
3360
1646
2593
1068
2780
2055
1987
8174
3578
364
6263
6820
8542
9310
8481
4578
5888
4978
9452
1912
8973
563
5956
6940
9540
1333
4258
1467
5718
9633
227
8164
7503
4635
356
539
3364
2535
1761
9353
9227
4627
5795
7811
6549
8635
6386
4232
3476
2245
3852
4297
7659
9681
3046
3240
7155
5466
9883
7372
7833
6980
1311
7687
302
3618
6228
9504
3614
210
6254
9063
1456
5625
3115
2374
3214
5702
9942
889
2885
1950
801
7847
8454
5661
9269
2856
5271
2991
6301
5656
8199
8886
2240
5498
1266
312
7323
1159
771
7549
3905
3294
8716
194
5262
6554
1363
3279
4202
6762
1232
9411
8897
7057
468
8991
2708
3447
8885
2084
5606
6522
7945
5539
5363
2811
4902
7924
4174
7433
3126
3623
4125
8500
1073
2720
7379
4020
1021
1272
4405
274
8793
8532
2900
7139
9769
6891
5196
324
349
2139
2759
1294
7415
8837
324
957
6943
1721
8888
423
921
4135
4846
3870
5419
9124
225
2669
3499
3525
4466
1724
3436
2589
2020
1977
3431
6964
8245
7363
3188
66
4768
5092
1337
3083
1510
161
7062
9180
6040
3084
4807
6774
7809
3188
8348
4203
7806
4756
3112
526
4797
6508
9033
6683
4406
3705
6229
3640
5688
8928
1552
1969
935
5299
3804
3310
8411
3112
7085
3394
4660
9886
2840
7480
5219
6457
9936
2270
9421
7759
1458
9294
4989
9714
1190
7568
2615
3270
6162
6306
1792
7674
4345
2250
7725
2053
3417
6931
6166
8326
8223
1152
9956
1741
1811
1999
6714
5607
5159
9518
8274
1173
8314
9087
3821
6486
975
8527
4164
581
5071
5967
3612
1149
86
1321
4380
3228
2949
6207
1625
8263
4952
9719
3245
4704
4217
3334
52
3575
7427
1044
825
3912
7029
8551
29
3573
6541
4834
5620
7293
5444
694
8816
2059
9773
9074
3711
7457
7229
6411
8002
616
8862
2783
4420
5953
6483
5100
4289
9464
7125
9621
2654
4037
8121
2669
6004
3621
7641
525
7301
2416
4435
128
6961
9403
7260
8739
5476
4923
8087
9929
4971
7098
2563
6825
1765
7490
7409
2294
2081
217
2081
1107
3559
7511
158
2446
5830
7753
8723
9829
3232
494
4083
7793
7599
6083
481
200
7897
672
6367
158
7517
1010
5833
4874
9442
5554
7783
8875
6499
5954
8933
6041
1096
9169
6243
4666
8712
7841
963
9518
3498
1605
7168
5219
6127
386
4369
3533
7017
838
7620
4996
3721
2611
15
1254
4881
3982
4311
267
2348
9201
8196
4841
8199
9068
4663
6159
3115
6530
3000
943
6453
6463
1487
8837
2435
7436
2018
4501
3130
1692
5129
9779
6475
2651
1729
9729
2794
9907
4793
9644
3974
8712
769
2821
8403
1824
7423
9992
6797
9380
5149
4337
3195
2660
5080
3967
3532
9144
9655
7414
4254
9643
7097
5721
8965
108
2810
4521
6911
6029
3728
8056
3580
2878
8382
1935
5491
9101
8625
202
9351
7956
4307
5047
5803
822
7279
7143
2092
4965
4375
8714
19
4558
6361
7343
7203
8566
5956
9545
1208
8639
258
7237
42
1202
4010
8155
915
6209
6432
1559
4481
8859
7247
9373
2138
5706
5821
1274
366
4441
2264
7153
4356
8482
9302
5230
9887
6710
2285
7763
3164
1010
3101
5605
7293
7456
4903
3351
1633
4858
7341
2674
8475
6409
6809
6616
771
5704
5277
5666
8987
1557
7427
7855
9768
5936
2846
743
2627
5260
6569
4922
3894
4304
9696
2816
6814
6312
5941
1871
759
1529
7739
7493
1546
9221
9540
9611
2373
3482
8804
8590
314
6331
6262
7859
8704
8307
7160
2002
1900
2523
6787
462
2095
5719
9739
8735
1317
8664
8394
6297
5145
8049
5156
7758
3275
737
831
140
908
9913
8960
9311
5871
7024
3240
118
2466
1984
9494
5075
5901
9228
8835
556
252
9911
8306
8946
3129
9325
53
6012
3378
6260
1764
9198
8814
128
9998
7326
5958
7814
1391
7970
4729
9484
8511
7362
7236
936
1888
4775
1066
2069
7439
1367
4961
696
7157
8482
5361
1211
8394
3410
3183
493
1842
8725
2498
864
5206
6056
1496
7649
4735
5490
6433
1112
9736
1968
795
2012
7502
1854
4929
3323
2720
7561
1215
2248
2703
9153
8798
1256
9515
8774
7413
3051
6966
6539
2445
8994
5698
6149
6923
7188
5867
8570
9943
1488
9983
263
7064
6828
5980
1293
6639
6967
7179
959
3358
6688
2776
3747
4830
8303
1181
3311
6310
3973
7964
1082
9121
5421
8115
4295
8040
7009
1903
4382
7713
9369
2752
2967
5185
1412
4795
2538
3242
8030
7042
4647
3685
1711
3125
7491
6557
9326
5307
5168
5337
1698
5760
2160
6513
4920
213
1324
4331
1789
5590
8391
1137
7069
3169
8780
6442
6445
6468
1663
8614
114
868
8459
2422
5933
3959
2255
3428
6945
7645
5064
1697
9159
7967
5035
955
7002
4155
7604
6532
6771
6046
2887
6083
9419
4976
6821
960
8209
8930
3425
4605
7293
3451
5368
8475
1322
1729
6030
1532
7600
3260
3834
2880
4655
508
4459
1563
5592
1998
9427
7169
5560
1681
1570
9667
365
7180
3119
503
4985
5520
2896
9925
4641
6871
5182
7054
3858
5699
3600
7734
8850
1785
3878
9743
2448
9248
5913
2560
210
2983
656
8059
9618
3886
4095
5549
8775
623
9325
6538
635
5631
6195
9661
6876
2397
9632
579
2864
1274
8442
7053
8055
409
844
7082
9540
6554
2163
3864
5254
1231
9232
8785
1070
873
4188
3606
1521
878
4008
7757
4057
1792
4792
4515
8261
764
3336
1234
8623
7129
1479
5653
2246
5254
1849
8804
6728
5793
240
170
8479
4540
5951
7152
6246
6723
6645
3602
5657
7958
5656
7720
3244
5902
1154
475
9787
6154
6758
5069
3582
1924
3891
6573
550
6495
4722
5506
6350
4551
7979
8109
9356
467
2679
6552
7427
7245
9528
837
1236
689
8416
1081
1990
7784
2250
4521
281
6335
7413
397
8980
2103
7088
4576
5158
1976
9129
4683
6061
6410
7341
1027
495
5822
3980
3301
2084
9098
7036
8655
1527
442
3410
32
120
166
3771
9869
9068
8136
6588
4927
9141
9567
5046
7700
2462
3202
2157
630
3977
9465
1261
5466
8809
5376
5124
6177
1429
9750
1642
363
1579
8997
3140
2750
8936
501
8037
2373
4039
3972
7156
720
619
1954
7184
1343
2217
8557
1408
5390
1939
5906
6967
2289
8120
4520
2422
722
9593
7321
5407
4105
2113
8720
1654
5496
6164
1175
5286
2683
910
2235
3331
1168
6293
8477
2135
5264
4219
1726
6495
1909
8671
5114
9566
3566
4218
9266
5433
387
8015
2931
256
7305
7678
921
136
3618
6772
2021
9253
1360
7012
5503
311
9033
121
6766
2858
7772
7773
1853
9382
205
9471
6143
4982
8799
2702
8008
2498
1781
7319
8506
5012
5663
6396
9691
7363
315
5114
4537
8662
4330
3372
6014
7096
7512
2432
3290
4400
8201
7204
3816
1499
1748
4254
7745
5600
1799
9297
6574
1578
3543
3807
5073
8927
4720
1381
5739
8123
7944
8510
9835
2443
4923
5814
5731
9038
6770
9238
6574
3469
5522
9490
7366
5727
3718
6828
8358
651
3809
4720
4724
5031
1043
5363
9521
9981
2675
5272
2757
9542
1151
7420
4507
5261
1558
7248
8202
3917
6231
5942
4692
2636
1945
1837
5446
4932
9274
408
3353
9647
8371
463
511
9024
7988
6092
3683
3433
4582
2727
7411
2503
7041
3690
9162
1216
6317
7489
7003
6052
7958
6636
5684
7486
5340
397
896
326
8720
6507
9571
4730
723
6261
4981
2661
1073
2422
394
3732
2936
4183
8950
5467
1950
4938
5943
7552
3799
506
774
3328
9783
9229
923
5396
6955
7661
5662
13
3380
853
8592
9217
5792
9661
4420
6160
4995
376
9231
8613
31
5006
8605
1083
4298
4281
7404
5878
1836
1749
1050
6448
4724
1783
5892
8848
3055
59
7093
190
5941
8704
4630
822
7309
6126
2761
2922
279
7414
6378
7960
6241
6482
2159
2297
1447
8621
8278
3148
8654
5302
4063
5318
1995
3931
1987
2149
8685
9224
2066
6539
7568
657
6038
9663
3436
7273
8050
2886
6923
232
5100
6455
8578
1082
6078
6038
6248
67
5633
841
6400
5352
8428
7633
1434
9767
7173
3892
5891
8276
9064
9068
6269
3196
4858
6645
2859
3280
1105
3435
6768
2605
1919
9210
1220
8797
8825
8250
4818
9091
2050
7460
7219
3607
1517
1686
8805
2576
9044
8309
2924
8321
8287
8640
7402
9648
1803
3698
9789
9034
6457
8393
4140
7718
8500
3243
6547
3501
3892
259
9747
5022
8780
7170
655
1011
3613
587
6549
9926
8634
6569
5244
5699
6235
3656
4501
3654
2848
4035
5007
6269
9029
998
2344
5623
9954
9804
2916
7522
9462
1673
337
7018
512
8156
4880
8987
4269
5474
9284
8486
6816
7368
5173
57
7109
9891
4670
2969
3115
4240
256
4816
7603
1951
7166
1508
2579
7395
6205
8269
127
2961
4501
4583
955
4250
9548
9800
7406
4636
9098
3355
7864
2629
9352
6309
7373
8965
2039
1209
7752
9187
4805
1360
1727
7069
2404
470
5684
2373
8228
8375
5140
9113
5464
3158
4842
7823
8246
5534
1210
3099
4153
6808
5689
8728
407
5143
8788
9513
5736
6260
9470
6233
8435
2078
3549
9597
6365
827
7530
4959
3459
1669
5328
2840
2876
3932
8479
6257
6351
7981
1786
7010
1151
933
334
9283
3825
4609
5544
8506
4664
6948
5791
6062
5900
9927
52
1523
7628
7055
5437
9739
7672
8247
3498
453
316
3266
9737
3340
7908
7572
1473
7416
1382
8746
6763
734
4824
8042
5266
992
936
7654
8342
8365
8950
7863
8938
7341
3613
7845
5377
7280
92
853
8586
9912
1271
6227
4756
8752
4840
9190
3558
6733
704
9736
2414
4229
5541
8201
5694
120
1646
3018
9556
5914
3872
8912
597
7397
4225
2279
1157
7412
1164
2818
7401
4530
5395
7554
3664
5371
2544
9690
6924
7735
6974
8292
6954
206
1812
2509
3381
5750
1032
1309
8137
1647
1082
2562
4999
3543
3816
3567
8342
5557
1705
7938
3045
4269
7177
4434
639
6539
1285
5363
9007
3237
828
6178
7502
6264
627
9215
8769
2864
7163
1036
1088
9775
2652
1453
5725
48
8818
161
7638
142
2898
1396
5052
6050
6137
5984
5520
2042
6279
2506
5995
1188
7690
8957
1802
3326
8226
6205
7742
2543
8072
5263
4320
9176
2707
3361
8507
1890
1254
5837
2806
8361
5184
5317
3888
2445
8748
6531
1489
2354
2109
3446
8871
2234
1770
9526
8833
3228
74
45
1900
5139
8947
1550
8848
9957
482
7031
3794
9666
2469
9547
6985
2922
1313
8894
6084
1791
3919
9070
1457
4765
7556
2513
3359
7545
4779
1114
832
7025
8176
9116
9871
5468
282
7231
7283
2946
6028
3286
2758
1778
8535
4041
8088
4970
9197
2391
3607
5410
8916
5444
3085
9027
3131
8858
7001
2562
1619
9879
7762
1755
8086
8290
3422
6371
3864
9710
6331
1831
4326
9069
8301
9909
8810
4617
6209
8466
6616
2196
6992
3789
5415
2331
6103
5329
5071
7686
8863
9306
3771
3010
9760
8012
2836
9666
9134
6641
9374
8460
7675
8037
1984
9861
7652
265
5074
2974
9828
128
692
1263
5538
5337
4969
8184
5212
9763
7826
9926
9848
931
4208
8133
9237
5137
1274
6602
190
2231
4761
2855
1867
9326
3911
1068
3991
8555
9052
8175
4754
7443
9547
6712
9694
3606
9747
7389
1173
3324
4473
4764
4413
1139
1644
2704
1481
8907
5581
9162
7005
6066
3232
2048
1162
4385
8209
5585
9682
1177
7712
4433
9575
4655
6443
735
303
403
5277
1988
263
1310
6179
6046
5951
4797
1834
6452
5628
5226
5289
2475
4468
1277
7804
3108
8281
5822
7727
4321
8995
5964
20
4824
5353
4140
3596
2242
1498
1357
7377
9942
7040
5730
1496
2481
7423
8351
2037
1142
6962
3924
7638
6539
892
7689
2328
6793
9765
4444
3175
8510
3459
6497
6338
9419
3836
9442
1792
707
3730
1490
7595
3577
5256
4741
2343
5583
3431
5089
5840
2444
9235
3217
12
5668
5994
174
5892
3835
5084
9424
4131
6681
7130
6362
3133
7761
3459
9744
120
8028
3262
8910
7708
8201
6834
9249
2008
9757
9673
7953
8637
5105
1801
3638
4654
243
6692
1378
3301
3736
7290
2372
1560
5804
1641
4777
8857
523
9791
9824
4269
7083
1777
8270
6081
4475
2449
4855
3258
5808
2999
7049
9877
9780
1825
2635
8588
376
5271
6764
5207
2815
9879
6009
9683
3396
9385
7954
1561
6127
4980
3591
2335
7394
2433
5740
8719
7482
5737
136
261
3584
4110
5027
9522
1320
2555
1627
4330
9033
4144
8434
1595
538
2638
3568
1791
2274
6975
7113
562
1565
1061
6957
49
6093
5200
9524
6600
4083
9719
9105
6380
314
4079
4166
280
3918
3528
5604
4549
7381
1651
6053
2862
1077
1655
1328
8062
1311
3316
515
2820
8484
8410
9193
4916
8268
3235
2567
8980
4768
9753
2468
8341
4070
7192
2846
2051
7526
4789
9600
6644
7461
1031
3711
2822
3360
162
3705
1415
7334
6652
4841
5284
1061
6049
911
612
5633
2478
8805
7252
2778
812
2303
8590
2322
8366
5840
3383
8553
3467
2495
8200
5118
7598
2343
381
7976
3719
195
9271
5886
6563
4296
204
2522
9434
8610
8768
9847
360
5348
9196
737
9798
4549
8067
3721
7235
5504
7118
1210
5254
7955
7487
7153
7174
1421
169
7151
1042
5166
5156
2702
1642
6721
1784
4638
7360
3746
887
3369
8545
7695
5864
5241
1301
4129
9886
5016
394
4995
5513
1887
4313
5853
6483
6147
4742
3371
4125
4433
4211
2248
1852
3796
6676
2669
9379
632
3149
5027
4536
292
2065
1845
1943
6329
4747
1485
2043
5501
1067
3397
112
1115
7690
6962
119
2319
104
1796
1654
1191
4657
8309
5857
4671
3219
3182
9113
1313
8255
7354
4019
2828
9092
4965
5618
1319
8039
5687
7558
2085
6897
5190
2722
4427
1497
7790
3734
4720
9864
6930
364
5670
667
3982
2209
6597
2428
9335
7347
4003
1639
6522
7123
1202
3645
5898
1074
3974
1933
7551
3008
9252
6105
4795
6673
668
5429
334
6259
4625
1140
5930
5740
6903
5199
9792
7238
7312
6229
5903
5999
51
2782
6854
1691
9669
3209
5795
3859
7849
9485
8447
3442
2741
5328
624
564
2982
3527
9828
350
7570
2951
3115
9070
7700
4024
4728
2443
8835
4281
1852
7815
3102
4056
749
8045
1181
248
9318
6580
8212
2564
1118
4379
5238
5614
664
7356
3764
2477
6327
9852
2211
9351
9960
6472
5191
1611
6144
2584
6964
6663
7591
7039
4310
418
2356
7518
6629
824
9977
5081
5643
2020
2588
8177
1795
3429
7595
6900
3009
7134
5300
9940
9623
4375
4957
3839
581
7409
3942
5061
8360
7316
3038
1386
4799
8600
608
5862
9510
1293
7702
8686
9164
5187
4663
3488
5636
5817
2842
1223
9688
4930
1190
1365
8692
8054
4528
6359
8037
15
7773
4026
4430
7469
2108
2427
7811
9434
6393
2702
7818
7876
7896
6234
7441
8751
7274
3098
6850
4118
2044
2643
4362
4479
6459
9498
1735
9974
5315
3649
4754
7630
9634
1621
4879
9438
5687
5225
7454
8753
5489
5697
7390
3640
1758
1591
9118
4144
2132
507
2321
9685
9154
6706
9280
2837
5994
6909
3033
5809
5379
7781
4945
3711
4279
9163
9575
3897
869
8972
5498
9522
5595
4973
7964
3760
5342
3422
2646
6282
5062
4973
2895
9192
3888
7995
9071
38
4255
6268
1025
1309
6827
6558
4909
988
4915
8303
5160
1618
7995
6412
1204
1654
8362
8488
4501
6391
6190
5927
1590
5585
9831
6877
6388
1858
5738
8355
728
1394
3486
7186
3629
7694
4954
5250
7175
1780
8675
1437
4956
22
4625
9257
6415
2636
2425
3272
3936
2446
887
7877
3070
5759
6750
3104
5548
7202
866
7990
6325
5251
5665
4814
5060
2377
5479
1622
6607
4836
7778
3025
1479
3225
2146
9352
9637
4304
7759
8514
5258
1586
9253
2917
7667
3829
21
5566
9733
7250
268
7926
7034
4151
506
6729
3205
7419
6057
6723
3614
4194
1636
4747
4165
3199
5151
1384
6484
2244
4892
2056
4926
9135
6811
549
4838
6975
2894
3786
8073
9954
6228
255
9906
5611
2701
7694
4704
1587
3075
1585
6193
4828
9558
5805
206
5025
5963
5337
8128
9867
8877
1074
7667
9941
3628
1953
3328
1150
477
8153
2371
223
4606
1440
5098
6021
8202
6966
6321
9819
6609
3383
7950
5787
7817
6443
9406
7532
6946
9724
1197
4313
4659
6161
692
2249
5298
1073
2077
4426
1807
864
6401
4998
2165
5243
5100
584
8539
2560
6514
9968
4535
4583
6808
1750
5042
4604
9756
9580
8869
9712
5308
7925
7138
1662
2713
796
8278
324
6767
1944
1686
3665
4567
6680
1429
1790
8343
4873
8873
4093
9045
4423
6657
6338
3526
9509
5075
865
1443
4162
8548
5873
859
2745
4928
4350
4016
673
8546
6807
3929
7059
2508
9167
2423
8610
7528
1916
4807
6353
2566
6292
4460
3539
35
5373
744
914
4657
5989
3604
8607
8115
5209
4885
3847
646
8470
2822
7825
8063
7106
6026
6749
537
4762
5443
8591
2843
8524
9648
6682
6797
5329
9899
9590
3804
1129
753
1727
1372
6652
9493
3999
6781
2757
8224
5545
5133
909
3922
4556
4969
184
360
2451
3579
8839
980
2527
3722
8582
1297
5376
2464
7601
856
8774
6674
7910
6551
425
1260
3400
1521
1658
84
1314
6097
9369
8328
1826
4760
3592
4327
7756
2504
2233
6659
3674
2575
7484
1725
4853
705
1272
7841
9722
5530
3626
2355
5492
5119
7310
6332
1101
5103
7121
4251
3449
6877
2278
9756
4357
9575
6225
1534
155
5014
5436
8830
679
592
4333
3134
8429
2229
3622
7059
7920
8471
4630
68
8628
1866
2687
8679
6435
3285
7031
2555
9055
4312
708
2096
6719
6034
6028
4793
9801
2799
206
2713
7909
7458
3998
7015
2010
3828
2488
981
7776
8948
6477
5680
7043
2984
4901
2769
4423
8331
779
6441
6997
5748
2187
7023
2381
7727
1897
5518
4739
5459
9239
1753
9109
9512
4945
276
1231
8203
825
9061
8794
4653
7403
4486
6887
907
6027
1066
9442
9076
8815
1150
9386
4414
6510
8466
2995
8132
4168
7888
4352
8882
6837
6982
9789
7877
2709
4690
6632
8479
3931
6610
4216
8486
5849
1607
9394
789
1112
8080
7602
1962
1877
7025
9707
9119
4687
920
6616
8154
6322
1609
8879
1847
883
4873
5911
2565
4216
8619
2377
9191
8736
6020
1846
1075
7890
2488
8600
9594
3093
9501
1101
161
5004
1564
1999
3754
6162
9582
1279
5574
2965
9621
1170
6776
8301
2502
4577
1083
2838
6588
9351
1872
4371
1769
7606
2339
2338
913
7797
2426
772
6313
2703
4363
4867
6038
454
8959
1671
6324
7335
5386
2702
5969
1228
2367
8303
8823
7898
3110
5511
5870
3043
4544
1469
1646
6810
1179
3731
2273
5326
6205
590
792
9948
4984
9948
8728
149
1595
8577
2594
2925
5382
7805
2554
3939
7400
6606
952
9853
3642
4644
6663
2119
7806
6622
499
4727
2665
9284
3140
1636
5119
2741
8359
2191
55
1020
4115
8213
1295
6535
9543
6845
6250
870
5310
5960
2429
5544
5277
1638
9788
9368
5137
7708
4344
40
3871
4886
8407
5737
4036
499
6834
9014
9550
2076
975
7575
2211
2586
5768
2804
2011
1601
4065
7630
2295
6519
3412
930
2405
1046
1024
3660
959
8790
5060
2068
15
6445
1202
7307
8102
7149
3246
2446
8135
8863
3852
7630
4248
3105
2618
3356
2560
7742
4433
7130
7127
9915
5290
5268
7133
5954
7387
9705
5054
8402
3794
132
8502
4161
648
6034
5605
7181
3383
6522
776
3530
8432
7209
9520
1106
2658
5091
4989
5038
5013
2850
519
1337
2091
1572
6958
9988
1473
6301
5285
4376
1288
7719
5514
3079
9503
6375
4209
1744
6411
5767
8462
1042
351
9918
7502
1036
2729
8392
2168
7989
9832
8061
2104
6045
2094
5712
7248
4236
5696
7429
3378
9116
170
6964
7365
5649
1901
1980
9504
8089
6337
7158
1017
1363
2581
8429
7845
2975
3961
2842
1181
5460
732
9704
2706
4610
8884
5068
2233
1473
34
964
2137
6461
9613
4635
6258
8547
1385
6756
782
7916
1346
6001
7367
1859
6112
6254
2965
5932
2223
3825
2806
3391
4926
4090
3300
4054
2578
9480
9027
3718
9923
9945
4764
6365
7452
8232
3360
3264
9736
3189
9757
3709
8579
8857
3141
3823
8127
1977
8543
496
7721
5627
2036
9557
5299
7746
2879
9159
1440
7505
7210
5197
1760
4430
7446
882
8813
4151
5113
4716
7812
7429
333
5839
7536
5326
8270
2157
789
5593
608
1499
5171
4115
6306
8993
1281
6997
6010
6851
2561
878
6488
9190
9104
4068
1765
2200
1031
458
6925
6898
7694
7669
4034
2848
432
6181
7115
4165
2875
9025
3079
5280
6982
4197
6628
1293
565
7765
7673
8779
3907
3566
7823
3433
9927
7893
7417
2904
4877
8578
8150
4551
5079
7854
1880
3717
4292
718
9360
7090
4810
1566
7188
1005
5292
3517
3941
9078
7853
6670
241
6582
1117
9250
5958
9441
6031
1760
7604
3176
1236
6103
540
5783
7384
4257
646
213
7317
2194
5028
9983
3361
2909
5005
7649
3840
8323
234
9847
9515
8732
2941
7831
6757
4409
6182
2207
6788
859
8257
7818
9930
6165
119
4155
2034
9759
6208
7418
9257
7917
52
796
8014
4086
7108
7760
9574
7861
5716
6944
1997
9315
5760
9421
6846
5339
7313
8200
1190
2180
1310
5914
2661
898
7612
6588
7686
4569
9017
7680
9465
5850
9815
7669
9485
7090
3909
5939
5611
3716
9657
7449
9544
2512
8763
5297
7073
1920
6525
3814
6489
4436
2988
5428
2
8123
7813
6425
9076
5019
1878
1467
1053
5940
1773
2694
1994
1496
1059
2219
4555
5774
2262
419
7333
4581
2215
2606
4259
9421
2116
2222
8100
3045
8311
849
9138
3934
7103
813
1555
1106
3250
9665
4350
6570
342
8918
364
5423
8299
694
775
5911
158
4
9389
7764
5
4255
9206
2436
399
5326
105
9296
2465
401
7337
3093
6136
8201
338
8717
8772
833
5730
4560
2926
4976
8203
337
5535
9988
6305
8666
7672
3154
5581
9540
7814
2966
945
7445
533
7653
3802
1117
4995
6078
9401
5085
9921
2000
4996
5455
154
9216
9049
3642
8685
7612
5331
200
3641
1931
4733
6021
2880
5
2776
5032
5801
2851
5169
3784
7266
7191
5518
4558
2418
5133
8432
6400
3384
7586
6060
6634
4980
5631
3112
904
4695
4144
3216
6159
7544
7289
7036
4762
6585
9181
5948
2714
8855
5212
319
6737
1711
859
5817
2572
7491
4021
59
8856
965
1630
2834
3906
3129
4942
6144
2247
9286
908
4710
1368
1236
8666
9340
4827
3882
2176
4299
8372
9239
2580
1512
7894
5332
6666
2662
5499
7997
8770
6882
8634
9186
5678
1007
9955
5027
8282
8033
8980
643
1294
9029
8414
4469
7157
3815
9906
1898
6374
2206
2388
4608
92
7013
7056
6386
5900
5002
5387
4075
4495
4916
1174
9802
8045
3470
9667
6939
7327
6288
4802
5934
8497
6929
4378
3649
9825
2166
5581
7396
4143
7618
1394
7368
9018
5926
3444
217
9371
8394
5467
5724
8725
3159
3108
6167
6419
4064
2996
1050
1736
1076
173
9968
9416
9976
4978
7723
537
9841
2168
2434
3646
9124
4415
3205
6029
9475
4776
7343
285
1327
3907
9281
6192
9069
4038
6252
4549
674
8556
2200
5198
5430
2593
7548
2126
5174
6360
7055
4032
2132
6795
3823
8243
3886
2151
8026
7963
9013
4890
495
2990
884
7657
2443
3247
7962
4779
5514
3910
8181
48
4865
6796
5892
9669
6379
9983
2314
4518
7364
8082
987
6959
216
5822
2153
7833
2007
4774
2152
6885
5255
4792
2093
810
7730
6667
116
3342
914
2867
5231
2376
7588
2445
1357
5748
4127
1952
7032
9977
8661
9106
7292
9550
1159
6168
1631
9050
6371
3466
5415
5363
3086
5030
1791
3645
1544
6629
1530
240
7947
2232
4155
2746
9059
9271
4143
3804
6479
8175
8820
429
8381
3043
4638
1834
1122
1653
5002
8757
9043
1969
8827
88
8152
6830
9041
9622
3355
1754
2585
304
6971
303
8840
9657
4
4249
9189
2305
2006
704
8686
8707
4287
900
1454
1018
2458
6818
3171
8483
1968
6659
8233
2860
5013
515
8031
3677
7304
1986
3638
5947
2320
5987
706
1922
6212
4503
8929
2243
9981
6887
4854
3167
3355
3286
9002
3696
3267
7537
5878
1224
9366
7921
7670
1002
9193
206
2002
3638
8749
222
4471
3033
1415
4576
5016
7051
6140
6257
6334
2441
86
4181
1521
7883
6198
1058
7023
3936
5238
974
767
8467
5641
6643
2878
9595
5563
2951
391
912
6473
970
3406
872
8196
297
8754
2092
6059
724
5487
4939
311
4647
3025
4564
1864
779
9410
1422
6268
4168
8070
8389
2482
1368
7908
5629
120
3124
7378
6447
4777
7313
8511
2536
6045
2211
4117
4948
631
8149
8437
4613
8678
6409
3821
6742
7124
6353
8798
5236
6820
7890
1472
1914
4645
8824
5468
2239
8392
9451
4056
2665
4682
4868
1937
4905
1372
1189
9257
5670
255
2577
5273
4324
5193
2094
2675
9759
6708
7199
4385
6533
7380
8280
4986
6675
5812
7555
2816
8312
4644
3695
7810
4319
33
8597
6249
3600
966
7093
9622
9062
4415
2863
7104
196
9926
1838
4484
6499
571
4585
2761
9827
7488
3493
9520
6991
2450
3294
3729
8388
4447
648
1119
4763
4243
372
3159
8361
5521
655
2141
1329
4029
1355
8128
2251
3570
1740
754
6995
6888
8026
4173
9667
533
4088
3959
8450
9686
3001
9146
6256
7062
7554
8102
2759
6523
7199
5759
638
59
1317
2463
9763
6761
9579
3050
6028
9794
5368
8105
2450
559
9044
8433
574
1391
7070
3271
1241
4243
5534
4101
6189
9128
7965
8545
9537
4437
4736
6027
6919
7428
8560
1400
7400
1273
3346
1959
4823
9195
4337
5982
7806
9732
7810
99
947
1282
2129
5340
5036
9873
8343
8044
7811
3968
1629
3780
9721
8028
5535
3558
1213
2012
3201
3976
7674
3748
6178
849
452
1769
1434
4843
4712
7488
6323
5182
3965
3249
4091
4626
1615
942
5871
3948
5728
9692
6524
4986
8352
9012
1447
867
7862
6288
5302
3147
5130
8742
8667
5496
6393
4362
1051
1657
8941
7319
1082
2110
4207
9100
6341
2643
2707
1206
91
657
122
4590
173
8751
3521
5758
1549
6778
1370
4431
8660
4269
2769
9720
6783
1028
8957
4518
3025
7950
6669
927
8671
3848
8305
2801
5667
7236
6035
8751
7732
2531
6143
849
3871
9512
299
4565
3775
2173
222
3470
6159
4105
4613
5619
5566
4754
3620
4040
4576
317
8090
2719
8547
8363
3351
335
3563
7444
5082
5700
354
604
2107
3636
6479
6521
6678
9425
6069
6040
3066
8926
4776
6168
4946
5382
753
1952
7195
8450
7026
9254
1978
2605
8797
6904
878
6270
4532
5033
5222
2604
4856
9757
7517
9650
1604
1595
1872
1405
2292
675
8379
7848
4107
2444
2734
1408
8563
3182
4782
4671
975
4296
5578
5361
4284
128
2034
7803
9890
1032
248
4399
2708
8209
2404
6165
2886
4664
4586
7427
1523
3439
6506
2508
144
5473
2928
8532
2451
1596
3550
6347
27
7205
2825
9349
3661
5867
1935
1571
8288
9505
9985
570
2190
1459
1564
2228
6339
2630
6698
2846
7826
8245
1059
2130
1064
5971
5791
8523
6948
5770
5294
8503
6268
7469
5590
3028
4016
7450
6065
5463
7822
9884
4113
7465
2546
9874
9150
5933
7106
9208
5731
5886
3178
9903
6376
8740
1419
6977
5759
1971
1019
4969
7478
6696
1552
4868
8597
5272
9025
4986
6811
2595
2759
7081
647
5010
1506
7026
2251
8941
9586
6140
3666
498
8956
7301
1437
7887
1340
8937
5119
1858
4017
8161
9899
6355
5121
1518
2838
2549
3926
9602
9397
3883
3739
8429
18
8787
8116
4766
603
1758
8662
7685
5508
5629
691
9072
1842
9020
3110
4784
3039
3665
6643
7035
412
2680
4375
2124
1780
4082
4309
1752
5849
7070
9550
5211
4637
8259
6162
7284
6905
5812
627
5958
7676
21
5996
8244
3117
6722
7293
8540
8623
7595
1385
9558
3940
8731
8082
2132
8
5690
5255
2746
6856
129
3868
8153
2157
8806
6782
6311
5643
192
5336
7781
1584
5083
1405
587
4785
1265
146
9540
1066
6975
8999
1271
6399
9263
6365
1166
5278
2295
1109
3940
2170
4689
3816
3818
487
6998
7278
6326
1120
1173
2598
2908
6603
4506
4160
8419
6187
5659
9795
4493
2429
52
6445
8633
9981
4879
1149
6905
9973
7764
1708
6115
8215
3958
475
4751
4370
7532
1036
4952
6678
3772
5095
8037
1329
934
8486
247
4695
8474
9280
5458
2185
6434
1062
7533
6993
2527
760
5912
5457
8446
4636
4092
9195
6646
1903
4457
8280
4794
5382
7483
4408
6883
5841
95
7897
8297
8405
9270
2593
4028
5426
3063
8343
9300
7033
6813
6733
829
5747
6013
6225
5575
8204
155
6282
2477
3807
7871
8931
7313
1614
3144
2993
7041
4773
3912
4631
1874
829
2390
5104
8858
3209
424
1412
7244
8961
9105
1504
197
9009
3186
5679
7504
8420
893
5543
5047
6129
7670
5307
9547
1285
8749
8131
3826
8784
5776
9935
3095
7377
4323
2611
3662
4297
2971
7149
206
6450
5333
8645
2689
2975
2385
3392
6779
9816
4989
3481
2466
4790
2375
5007
1986
5302
8651
2773
6679
8137
1115
2926
8911
5260
752
4552
5186
9418
6232
1234
2746
9031
1463
9022
8717
9519
4473
2902
860
3633
3828
5893
8354
2405
2312
618
4342
3473
8105
3854
5112
7261
8381
3080
2560
8681
3990
8746
4346
1555
8958
1173
2794
3927
1830
5207
1914
5532
1633
24
1038
8547
7437
8296
620
4934
8244
8123
754
9098
8157
6983
6535
9763
7018
5915
1962
5918
3392
1268
6027
3702
5681
4001
1840
5852
4649
517
7228
4437
4995
9560
868
4282
1716
7499
6549
1201
1235
2262
9771
4659
356
955
9357
5720
1355
9113
4915
444
6156
1221
4289
7151
4655
9553
3037
4538
3210
3631
5564
9399
5462
3076
1072
3625
6656
4348
4488
3338
7635
7041
7625
488
2066
8311
2683
3127
9325
4249
811
5783
5313
6838
9637
8952
9055
5199
9846
8406
9599
2050
5040
3234
8081
8166
4665
19
3787
8958
5146
3223
8681
1838
6404
9910
7316
6756
719
4969
7498
264
2393
9740
425
2223
2125
3429
1376
2159
2530
61
5865
2208
4103
6425
1573
7484
6648
1756
3126
6126
1281
9185
2539
4328
2030
3325
411
8244
2007
3176
9254
4259
2427
7791
3741
3332
9026
394
8879
3655
7305
7144
7133
8811
9953
8792
7116
5876
7275
9021
8930
1323
5216
650
9241
7907
8454
3854
1348
5720
3642
5700
3203
2351
4024
3038
2145
6474
4760
1304
4163
630
9528
2226
680
3404
2453
8918
1461
2065
1530
1153
7815
9778
856
1949
2888
683
7194
4765
4589
1236
7864
3212
8718
4777
4882
9744
144
8531
3964
7400
5255
843
4269
3827
821
4392
1944
4021
8432
4955
9975
8773
5646
776
1117
7571
9263
2635
1716
8666
7817
1273
7045
4526
7282
1493
2547
8615
3545
668
4548
8681
1848
9381
4249
3927
8980
710
8464
3813
6665
9082
7145
5750
7714
9094
3241
1837
5554
5861
8258
2414
7276
3491
7635
1714
2872
7564
3076
2111
316
2058
6485
6533
7935
8453
3606
5767
8926
4352
9096
5690
9210
5418
7172
2542
2477
4888
9166
3953
9639
5932
7369
1809
2847
2342
7335
3572
5586
7220
2566
5061
1243
741
7091
4046
2953
8104
4248
1216
7554
5147
2167
178
9680
6903
5363
1439
7929
7318
2626
6289
2543
3977
6833
2008
672
9683
2149
9478
2631
1457
3300
6529
7515
4542
7666
1041
7378
5785
4926
4579
9498
7654
9164
6887
6661
2434
5335
1147
1685
6708
5603
7223
5454
7595
9555
264
255
2602
5336
6298
6616
8557
7657
26
3232
1142
6777
6463
452
4940
9346
7560
2634
5360
3423
9076
3258
3974
3928
1520
4262
5057
8528
2524
4769
1279
2996
5881
937
6105
7863
2102
9803
8257
4540
7150
14
5679
6353
6744
9914
8789
2283
360
8624
9468
5574
6295
4344
952
6270
2799
2672
3763
501
4787
4962
5577
7617
2129
4247
1165
4940
1926
9318
8062
7735
391
5729
4961
8003
3205
5249
2691
6769
7402
4991
2984
962
6571
7629
4905
6101
9071
1342
9739
7676
